[LEFT_CAM_2K]
fx=1066.81
fy=1066.58
cx=1111.33
cy=622.621
k1=-0.0675121
k2=0.0471799
p1=0.000258551
p2=0.000708208
k3=-0.0191026

[RIGHT_CAM_2K]
fx=1064.82
fy=1064.8
cx=1115.98
cy=627.353
k1=-0.0558115
k2=0.0300259
p1=0.000203129
p2=0.000421674
k3=-0.0119806

[LEFT_CAM_FHD]
fx=1066.81
fy=1066.58
cx=967.33
cy=541.621
k1=-0.0675121
k2=0.0471799
p1=0.000258551
p2=0.000708208
k3=-0.0191026

[RIGHT_CAM_FHD]
fx=1064.82
fy=1064.8
cx=971.98
cy=546.353
k1=-0.0558115
k2=0.0300259
p1=0.000203129
p2=0.000421674
k3=-0.0119806

[LEFT_CAM_HD]
fx=533.405
fy=533.29
cx=642.165
cy=359.3105
k1=-0.0675121
k2=0.0471799
p1=0.000258551
p2=0.000708208
k3=-0.0191026

[RIGHT_CAM_HD]
fx=532.41
fy=532.4
cx=644.49
cy=361.6765
k1=-0.0558115
k2=0.0300259
p1=0.000203129
p2=0.000421674
k3=-0.0119806

[LEFT_CAM_VGA]
fx=266.7025
fy=266.645
cx=336.5825
cy=187.15525
k1=-0.0675121
k2=0.0471799
p1=0.000258551
p2=0.000708208
k3=-0.0191026

[RIGHT_CAM_VGA]
fx=266.205
fy=266.2
cx=337.745
cy=188.33825
k1=-0.0558115
k2=0.0300259
p1=0.000203129
p2=0.000421674
k3=-0.0119806

[LEFT_DISTO]
k1=-1.49847
k2=2.89856
k3=0.141548
k4=-1.40355
k5=2.73267
k6=0.328399
p1=9.27749e-05
p2=5.05591e-05

[RIGHT_DISTO]
k1=-1.93584
k2=3.72694
k3=-0.0347064
k4=-1.85249
k5=3.56975
k6=0.15973
p1=4.42237e-05
p2=0.000359632

[STEREO]
Baseline=120.095
TY=0.00539168
TZ=0.000307039
CV_2K=9.78348e-05
CV_FHD=9.78348e-05
CV_HD=9.78348e-05
CV_VGA=9.78348e-05
RX_2K=0.00102544
RX_FHD=0.00102544
RX_HD=0.00102544
RX_VGA=0.00102544
RZ_2K=-0.000230688
RZ_FHD=-0.000230688
RZ_HD=-0.000230688
RZ_VGA=-0.000230688

[MISC]
Sensor_ID=0


